1
19
171
1 2 9437
1 3 9526
1 4 4882
1 5 1882
1 6 1460
1 7 13923
1 8 7462
1 9 4606
1 10 7304
1 11 3720
1 12 4207
1 13 6444
1 14 866
1 15 139
1 16 9017
1 17 9672
1 18 9688
1 19 4063
2 3 476
2 4 6805
2 5 10722
2 6 10417
2 7 5834
2 8 2728
2 9 9710
2 10 3422
2 11 8960
2 12 9628
2 13 5935
2 14 9780
2 15 9534
2 16 851
2 17 1035
2 18 1313
2 19 12352
3 4 4422
3 5 10858
3 6 6555
3 7 5585
3 8 3082
3 9 13636
3 10 2914
3 11 11964
3 12 9525
3 13 4794
3 14 9909
3 15 9670
3 16 1235
3 17 1487
3 18 1760
3 19 12480
4 5 5833
4 6 5528
4 7 11001
4 8 4073
4 9 7935
4 10 3748
4 11 6779
4 12 7598
4 13 1852
4 14 4951
4 15 4955
4 16 4713
4 17 5184
4 18 5120
4 19 7462
5 6 350
5 7 15323
5 8 8636
5 9 5317
5 10 8415
5 11 4669
5 12 4948
5 13 7261
5 14 942
5 15 1335
5 16 10255
5 17 10869
5 18 10859
5 19 1660
6 7 15110
6 8 8327
6 9 5324
6 10 8107
6 11 4611
6 12 4945
6 13 6966
6 14 641
6 15 1619
6 16 9947
6 17 10560
6 18 10550
6 19 1969
7 8 8072
7 9 10852
7 10 8497
7 11 11055
7 12 11130
7 13 10308
7 14 14568
7 15 14042
7 16 6466
7 17 6167
7 18 6304
7 19 16315
8 9 8945
8 10 481
8 11 7949
8 12 8739
8 13 2408
8 14 7706
8 15 7552
8 16 1670
8 17 2232
8 18 2220
8 19 10285
9 10 9125
9 11 1155
9 12 397
9 13 9474
9 14 5210
9 15 4635
9 16 9718
9 17 10414
9 18 10572
9 19 5535
10 11 8082
10 12 8888
10 13 1933
10 14 7498
10 15 7390
10 16 2027
10 17 2498
10 18 2457
10 19 10062
11 12 829
11 13 8330
11 14 4375
11 15 3765
11 16 8879
11 17 9596
11 18 9722
11 19 5249
12 13 9157
12 14 4814
12 15 4235
12 16 9592
12 17 10301
12 18 10438
12 19 5241
13 14 6434
13 15 6510
13 16 3859
13 17 4143
13 18 4052
13 19 8837
14 15 623
14 16 9316
14 17 9937
14 18 9932
14 19 2583
15 16 9112
15 17 9765
15 18 9779
15 19 2838
16 17 981
16 18 1256
16 19 11898
17 18 278
17 19 12517
18 19 12508